example for txt format files
4
t p r q
0	0	0	0
0.00500000000000000	0	0	0
0.0100000000000000	0	0	0
0.0150000000000000	0	0	0
0.0200000000000000	0	0	0
0.0250000000000000	0	0	0
0.0300000000000000	0	0	0
0.0350000000000000	0	0	0
0.0400000000000000	0	0	0
0.0450000000000000	0	0	0
0.0500000000000000	0	0	0
0.0550000000000000	0	0	0
0.0600000000000000	0	0	0
0.0650000000000000	0	0	0
0.0700000000000000	0	0	0
0.0750000000000000	0	0	0
0.0800000000000000	0	0	0
0.0850000000000000	0	0	0
0.0900000000000000	0	0	0
0.0950000000000000	0	0	0
0.100000000000000	0	0	0
0.105000000000000	0	0	0
0.110000000000000	0	0	0
0.115000000000000	0	0	0
0.120000000000000	0	0	0
0.125000000000000	0	0	0
0.130000000000000	0	0	0
0.135000000000000	0	0	0
0.140000000000000	0	0	0
0.145000000000000	0	0	0
0.150000000000000	0	0	0
0.155000000000000	0	0	0
0.160000000000000	0	0	0
0.165000000000000	0	0	0
0.170000000000000	0	0	0
0.175000000000000	0	0	0
0.180000000000000	0	0	0
0.185000000000000	0	0	0
0.190000000000000	0	0	0
0.195000000000000	0	0	0
0.200000000000000	0	0	0
0.205000000000000	0	0	0
0.210000000000000	0	0	0
0.215000000000000	0	0	0
0.220000000000000	0	0	0
0.225000000000000	0	0	0
0.230000000000000	0	0	0
0.235000000000000	0	0	0
0.240000000000000	0	0	0
0.245000000000000	0	0	0
0.250000000000000	0	0	0
0.255000000000000	0	0	0
0.260000000000000	0	0	0
0.265000000000000	0	0	0
0.270000000000000	0	0	0
0.275000000000000	0	0	0
0.280000000000000	0	0	0
0.285000000000000	0	0	0
0.290000000000000	0	0	0
0.295000000000000	0	0	0
0.300000000000000	0	0	0
0.305000000000000	0	0	0
0.310000000000000	0	0	0
0.315000000000000	0	0	0
0.320000000000000	0	0	0
0.325000000000000	0	0	0
0.330000000000000	0	0	0
0.335000000000000	0	0	0
0.340000000000000	0	0	0
0.345000000000000	0	0	0
0.350000000000000	0	0	0
0.355000000000000	0	0	0
0.360000000000000	0	0	0
0.365000000000000	0	0	0
0.370000000000000	0	0	0
0.375000000000000	0	0	0
0.380000000000000	0	0	0
0.385000000000000	0	0	0
0.390000000000000	0	0	0
0.395000000000000	0	0	0
0.400000000000000	0	0	0
0.405000000000000	0	0	0
0.410000000000000	0	0	0
0.415000000000000	0	0	0
0.420000000000000	0	0	0
0.425000000000000	0	0	0
0.430000000000000	0	0	0
0.435000000000000	0	0	0
0.440000000000000	0	0	0
0.445000000000000	0	0	0
0.450000000000000	0	0	0
0.455000000000000	0	0	0
0.460000000000000	0	0	0
0.465000000000000	0	0	0
0.470000000000000	0	0	0
0.475000000000000	0	0	0
0.480000000000000	0	0	0
0.485000000000000	0	0	0
0.490000000000000	0	0	0
0.495000000000000	0	0	0
0.500000000000000	0	0	0
0.505000000000000	0	0	0
0.510000000000000	0	0	0
0.515000000000000	0	0	0
0.520000000000000	0	0	0
0.525000000000000	0	0	0
0.530000000000000	0	0	0
0.535000000000000	0	0	0
0.540000000000000	0	0	0
0.545000000000000	0	0	0
0.550000000000000	0	0	0
0.555000000000000	0	0	0
0.560000000000000	0	0	0
0.565000000000000	0	0	0
0.570000000000000	0	0	0
0.575000000000000	0	0	0
0.580000000000000	0	0	0
0.585000000000000	0	0	0
0.590000000000000	0	0	0
0.595000000000000	0	0	0
0.600000000000000	0	0	0
0.605000000000000	0	0	0
0.610000000000000	0	0	0
0.615000000000000	0	0	0
0.620000000000000	0	0	0
0.625000000000000	0	0	0
0.630000000000000	0	0	0
0.635000000000000	0	0	0
0.640000000000000	0	0	0
0.645000000000000	0	0	0
0.650000000000000	0	0	0
0.655000000000000	0	0	0
0.660000000000000	0	0	0
0.665000000000000	0	0	0
0.670000000000000	0	0	0
0.675000000000000	0	0	0
0.680000000000000	0	0	0
0.685000000000000	0	0	0
0.690000000000000	0	0	0
0.695000000000000	0	0	0
0.700000000000000	0	0	0
0.705000000000000	0	0	0
0.710000000000000	0	0	0
0.715000000000000	0	0	0
0.720000000000000	0	0	0
0.725000000000000	0	0	0
0.730000000000000	0	0	0
0.735000000000000	0	0	0
0.740000000000000	0	0	0
0.745000000000000	0	0	0
0.750000000000000	0	0	0
0.755000000000000	0	0	0
0.760000000000000	0	0	0
0.765000000000000	0	0	0
0.770000000000000	0	0	0
0.775000000000000	0	0	0
0.780000000000000	0	0	0
0.785000000000000	0	0	0
0.790000000000000	0	0	0
0.795000000000000	0	0	0
0.800000000000000	0	0	0
0.805000000000000	0	0	0
0.810000000000000	0	0	0
0.815000000000000	0	0	0
0.820000000000000	0	0	0
0.825000000000000	0	0	0
0.830000000000000	0	0	0
0.835000000000000	0	0	0
0.840000000000000	0	0	0
0.845000000000000	0	0	0
0.850000000000000	0	0	0
0.855000000000000	0	0	0
0.860000000000000	0	0	0
0.865000000000000	0	0	0
0.870000000000000	0	0	0
0.875000000000000	0	0	0
0.880000000000000	0	0	0
0.885000000000000	0	0	0
0.890000000000000	0	0	0
0.895000000000000	0	0	0
0.900000000000000	0	0	0
0.905000000000000	0	0	0
0.910000000000000	0	0	0
0.915000000000000	0	0	0
0.920000000000000	0	0	0
0.925000000000000	0	0	0
0.930000000000000	0	0	0
0.935000000000000	0	0	0
0.940000000000000	0	0	0
0.945000000000000	0	0	0
0.950000000000000	0	0	0
0.955000000000000	0	0	0
0.960000000000000	0	0	0
0.965000000000000	0	0	0
0.970000000000000	0	0	0
0.975000000000000	0	0	0
0.980000000000000	0	0	0
0.985000000000000	0	0	0
0.990000000000000	0	0	0
0.995000000000000	0	0	0
1	0	0	1
1.00500000000000	0	0	1
1.01000000000000	0	0	1
1.01500000000000	0	0	1
1.02000000000000	0	0	1
1.02500000000000	8.37527070355615e-05	8.66187481751819e-05	1
1.03000000000000	0.000453369664952049	0.000468884102123098	1
1.03500000000000	0.00138970297983906	0.00143725900582376	1
1.04000000000000	0.00313866567759989	0.00324607169794137	1
1.04500000000000	0.00585772579425258	0.00605821707191431	1
1.05000000000000	0.00960685611078175	0.00993604079021269	1
1.05500000000000	0.0143627028395037	0.0148566945379053	1
1.06000000000000	0.0200413407621396	0.0207368056421966	1
1.06500000000000	0.0265215020379041	0.0274576443889126	1
1.07000000000000	0.0336644906810528	0.0348862958434554	1
1.07500000000000	0.0413294721955972	0.0428911735105473	1
1.08000000000000	0.0493841180800479	0.0513519065560815	1
1.08500000000000	0.0577111861720149	0.0601645001860330	1
1.09000000000000	0.0662118395844076	0.0692429818724044	1
1.09500000000000	0.0748065282221786	0.0785187253480503	1
1.10000000000000	0.0834341786647087	0.0879384531380135	1
1.10500000000000	0.0920503175119723	0.0974616669772292	1
1.11000000000000	0.100624621995454	0.107058010095579	1
1.11500000000000	0.109138266975896	0.116704859696424	1
1.12000000000000	0.117581327869480	0.126385293603879	1
1.12500000000000	0.125950407839383	0.136086470355798	1
1.13000000000000	0.134246585066223	0.145798398720682	1
1.13500000000000	0.142473720798576	0.155513040331173	1
1.14000000000000	0.150637129165716	0.165223677959313	1
1.14500000000000	0.158742583097456	0.174924483752876	1
1.15000000000000	0.166795614767965	0.184610230435808	1
1.15500000000000	0.174801061452896	0.194276099905494	1
1.16000000000000	0.182762806400176	0.203917555248390	1
1.16500000000000	0.190683667318788	0.213530252502602	1
1.17000000000000	0.198565390718078	0.223109976865592	1
1.17500000000000	0.206408717232076	0.232652594325591	1
1.18000000000000	0.214213490223684	0.242154014034747	1
1.18500000000000	0.221978786688469	0.251610159448042	1
1.19000000000000	0.229703055357179	0.261016947695423	1
1.19500000000000	0.237384251747690	0.270370277206579	1
1.20000000000000	0.245019963724151	0.279666023599693	1
1.20500000000000	0.252607523972037	0.288900043546098	1
1.21000000000000	0.260144107835398	0.298068185929594	1
1.21500000000000	0.267626816345838	0.307166309260409	1
1.22000000000000	0.275052745152582	0.316190304047373	1
1.22500000000000	0.282419040569301	0.325136118699857	1
1.23000000000000	0.289722944191406	0.333999787514630	1
1.23500000000000	0.296961827589173	0.342777459376651	1
1.24000000000000	0.304133218510332	0.351465425936846	1
1.24500000000000	0.311234819879083	0.360060148196672	1
1.25000000000000	0.318264522694576	0.368558280608484	1
1.25500000000000	0.325220413740319	0.376956691980100	1
1.26000000000000	0.332100778838871	0.385252482646055	1
1.26500000000000	0.338904102239287	0.393442997535897	1
1.27000000000000	0.345629062617090	0.401525834932472	1
1.27500000000000	0.352274526100654	0.409498850871068	1
1.28000000000000	0.358839536710903	0.417360159282598	1
1.28500000000000	0.365323304605479	0.425108128127488	1
1.29000000000000	0.371725192543619	0.432741371896770	1
1.29500000000000	0.378044701021803	0.440258740967037	1
1.30000000000000	0.384281452561472	0.447659308380781	1
1.30500000000000	0.390435175648816	0.454942354678505	1
1.31000000000000	0.396505688825866	0.462107351431438	1
1.31500000000000	0.402492885408157	0.469153944113428	1
1.32000000000000	0.408396719256590	0.476081934910035	1
1.32500000000000	0.414217191962460	0.482891265996588	1
1.33000000000000	0.419954341719725	0.489582003731016	1
1.33500000000000	0.425608234063778	0.496154324108856	1
1.34000000000000	0.431178954558226	0.502608499724165	1
1.34500000000000	0.436666603417097	0.508944888378007	1
1.35000000000000	0.442071291965336	0.515163923381560	1
1.35500000000000	0.447393140769970	0.521266105518238	1
1.36000000000000	0.452632279220773	0.527251996561621	1
1.36500000000000	0.457788846304049	0.533122214194871	1
1.37000000000000	0.462862992296077	0.538877428142975	1
1.37500000000000	0.467854881102348	0.544518357310560	1
1.38000000000000	0.472764692982686	0.550045767713482	1
1.38500000000000	0.477592627427586	0.555460470999357	1
1.39000000000000	0.482338905984468	0.560763323368339	1
1.39500000000000	0.487003774870630	0.565955224727769	1
1.40000000000000	0.491587507249689	0.571037117940617	1
1.40500000000000	0.496090405087431	0.576009988055483	1
1.41000000000000	0.500512800539310	0.580874861433627	1
1.41500000000000	0.504855056853836	0.585632804714542	1
1.42000000000000	0.509117568802741	0.590284923585003	1
1.42500000000000	0.513300762669780	0.594832361336658	1
1.43000000000000	0.517405095845186	0.599276297213786	1
1.43500000000000	0.521431056082603	0.603617944565708	1
1.44000000000000	0.525379160480216	0.607858548827795	1
1.44500000000000	0.529249954248657	0.611999385361217	1
1.45000000000000	0.533044009325781	0.616041757185065	1
1.45500000000000	0.536761922893502	0.619986992635605	1
1.46000000000000	0.540404315845270	0.623836442986670	1
1.46500000000000	0.543971831245216	0.627591480063067	1
1.47000000000000	0.547465132812035	0.631253493875663	1
1.47500000000000	0.550884903452877	0.634823890303015	1
1.48000000000000	0.554231843865187	0.638304088840238	1
1.48500000000000	0.557506671217834	0.641695520431528	1
1.49000000000000	0.560710117917247	0.644999625398647	1
1.49500000000000	0.563842930459550	0.648217851473803	1
1.50000000000000	0.566905868366057	0.651351651941820	1
1.50500000000000	0.569899703196714	0.654402483893507	1
1.51000000000000	0.572825217634253	0.657371806589471	1
1.51500000000000	0.575683204630718	0.660261079931596	1
1.52000000000000	0.578474466607545	0.663071763037725	1
1.52500000000000	0.581199814700497	0.665805312913937	1
1.53000000000000	0.583860068041167	0.668463183218009	1
1.53500000000000	0.586456053067573	0.671046823107240	1
1.54000000000000	0.588988602857283	0.673557676163683	1
1.54500000000000	0.591458556477598	0.675997179389978	1
1.55000000000000	0.593866758348389	0.678366762269287	1
1.55500000000000	0.596214057614292	0.680667845883344	1
1.56000000000000	0.598501307523951	0.682901842083191	1
1.56500000000000	0.600729364814949	0.685070152707836	1
1.57000000000000	0.602899089103851	0.687174168846739	1
1.57500000000000	0.605011342281475	0.689215270142705	1
1.58000000000000	0.607066987914071	0.691194824132392	1
1.58500000000000	0.609066890651496	0.693114185622266	1
1.59000000000000	0.611011915643780	0.694974696098313	1
1.59500000000000	0.612902927967682	0.696777683168330	1
1.60000000000000	0.614740792064912	0.698524460035943	1
1.60500000000000	0.616526371193700	0.700216325005827	1
1.61000000000000	0.618260526895340	0.701854561019828	1
1.61500000000000	0.619944118477193	0.703440435223792	1
1.62000000000000	0.621578002513477	0.704975198565054	1
1.62500000000000	0.623163032364966	0.706460085420499	1
1.63000000000000	0.624700057718508	0.707896313255125	1
1.63500000000000	0.626189924147027	0.709285082310975	1
1.64000000000000	0.627633472690483	0.710627575326190	1
1.64500000000000	0.629031539458016	0.711924957283850	1
1.65000000000000	0.630384955251310	0.713178375190157	1
1.65500000000000	0.631694545209051	0.714388957881350	1
1.66000000000000	0.632961128472171	0.715557815858693	1
1.66500000000000	0.634185517869445	0.716686041150685	1
1.67000000000000	0.635368519622918	0.717774707201613	1
1.67500000000000	0.636510933072535	0.718824868785454	1
1.68000000000000	0.637613550419297	0.719837561944046	1
1.68500000000000	0.638677156486242	0.720813803948462	1
1.69000000000000	0.639702528496510	0.721754593282412	1
1.69500000000000	0.640690435867762	0.722660909646545	1
1.70000000000000	0.641641640022243	0.723533713982490	1
1.70500000000000	0.642556894211777	0.724373948515497	1
1.71000000000000	0.643436943357038	0.725182536814562	1
1.71500000000000	0.644282523900457	0.725960383868956	1
1.72000000000000	0.645094363672168	0.726708376180111	1
1.72500000000000	0.645873181768441	0.727427381867869	1
1.73000000000000	0.646619688442063	0.728118250790137	1
1.73500000000000	0.647334585004200	0.728781814675052	1
1.74000000000000	0.648018563737268	0.729418887264799	1
1.74500000000000	0.648672307818383	0.730030264470268	1
1.75000000000000	0.649296491253005	0.730616724535809	1
1.75500000000000	0.649891778818355	0.731179028213336	1
1.76000000000000	0.650458826016275	0.731717918945128	1
1.76500000000000	0.650998279035145	0.732234123054666	1
1.77000000000000	0.651510774720522	0.732728349944899	1
1.77500000000000	0.651996940554160	0.733201292303356	1
1.78000000000000	0.652457394641081	0.733653626313549	1
1.78500000000000	0.652892745704349	0.734086011872131	1
1.79000000000000	0.653303593087244	0.734499092811304	1
1.79500000000000	0.653690526762487	0.734893497125972	1
1.80000000000000	0.654054127348210	0.735269837205183	1
1.80500000000000	0.654394966130331	0.735628710067386	1
1.81000000000000	0.654713605091041	0.735970697599064	1
1.81500000000000	0.655010596943061	0.736296366796323	1
1.82000000000000	0.655286485169379	0.736606270009015	1
1.82500000000000	0.655541804068154	0.736900945187007	1
1.83000000000000	0.655777078802489	0.737180916128194	1
1.83500000000000	0.655992825454783	0.737446692727916	1
1.84000000000000	0.656189551085371	0.737698771229389	1
1.84500000000000	0.656367753795196	0.737937634474846	1
1.85000000000000	0.656527922792220	0.738163752157036	1
1.85500000000000	0.656670538461339	0.738377581070787	1
1.86000000000000	0.656796072437551	0.738579565364340	1
1.86500000000000	0.656904987682124	0.738770136790161	1
1.87000000000000	0.656997738561567	0.738949714954992	1
1.87500000000000	0.657074770929158	0.739118707568868	1
1.88000000000000	0.657136522208840	0.739277510692891	1
1.88500000000000	0.657183421481287	0.739426508985521	1
1.89000000000000	0.657215889571942	0.739566075947205	1
1.89500000000000	0.657234339140860	0.739696574163127	1
1.90000000000000	0.657239174774186	0.739818355543930	1
1.90500000000000	0.657230793077093	0.739931761564232	1
1.91000000000000	0.657209582768050	0.740037123498783	1
1.91500000000000	0.657175924774255	0.740134762656140	1
1.92000000000000	0.657130192328101	0.740224990609721	1
1.92500000000000	0.657072751064554	0.740308109426127	1
1.93000000000000	0.657003959119297	0.740384411890622	1
1.93500000000000	0.656924167227547	0.740454181729690	1
1.94000000000000	0.656833718823412	0.740517693830561	1
1.94500000000000	0.656732950139691	0.740575214457650	1
1.95000000000000	0.656622190308017	0.740627001465828	1
1.95500000000000	0.656501761459239	0.740673304510467	1
1.96000000000000	0.656371978823964	0.740714365254209	1
1.96500000000000	0.656233150833155	0.740750417570408	1
1.97000000000000	0.656085579218722	0.740781687743212	1
1.97500000000000	0.655929559114020	0.740808394664243	1
1.98000000000000	0.655765379154169	0.740830750025864	1
1.98500000000000	0.655593321576157	0.740848958510986	1
1.99000000000000	0.655413662318621	0.740863217979431	1
1.99500000000000	0.655226671121284	0.740873719650814	1
2	0.655032611623960	0.740880648283952	1
2.00500000000000	0.654831741465089	0.740884182352798	1
2.01000000000000	0.654624312379744	0.740884494218894	1
2.01500000000000	0.654410570297067	0.740881750300364	1
2.02000000000000	0.654190755437087	0.740876111237449	1
2.02500000000000	0.653965102406877	0.740867732054596	1
2.03000000000000	0.653733840296012	0.740856762319136	1
2.03500000000000	0.653497192771302	0.740843346296542	1
2.04000000000000	0.653255378170742	0.740827623102331	1
2.04500000000000	0.653008609596681	0.740809726850596	1
2.05000000000000	0.652757095008155	0.740789786799233	1
2.05500000000000	0.652501037312368	0.740767927491867	1
2.06000000000000	0.652240634455306	0.740744268896530	1
2.06500000000000	0.651976079511439	0.740718926541120	1
2.07000000000000	0.651707560772520	0.740692011645677	1
2.07500000000000	0.651435261835437	0.740663631251521	1
2.08000000000000	0.651159361689120	0.740633888347286	1
2.08500000000000	0.650880034800481	0.740602881991900	1
2.09000000000000	0.650597451199368	0.740570707434551	1
2.09500000000000	0.650311776562536	0.740537456231684	1
2.10000000000000	0.650023172296614	0.740503216361073	1
2.10500000000000	0.649731795620060	0.740468072333019	1
2.11000000000000	0.649437799644098	0.740432105298715	1
2.11500000000000	0.649141333452637	0.740395393155833	1
2.12000000000000	0.648842542181152	0.740358010651376	1
2.12500000000000	0.648541567094537	0.740320029481844	1
2.13000000000000	0.648238545663920	0.740281518390768	1
2.13500000000000	0.647933611642439	0.740242543263651	1
2.14000000000000	0.647626895139977	0.740203167220376	1
2.14500000000000	0.647318522696853	0.740163450705131	1
2.15000000000000	0.647008617356478	0.740123451573878	1
2.15500000000000	0.646697298736968	0.740083225179455	1
2.16000000000000	0.646384683101716	0.740042824454321	1
2.16500000000000	0.646070883428934	0.740002299991013	1
2.17000000000000	0.645756009480157	0.739961700120366	1
2.17500000000000	0.645440167867716	0.739921070987531	1
2.18000000000000	0.645123462121195	0.739880456625852	1
2.18500000000000	0.644805992752857	0.739839899028637	1
2.19000000000000	0.644487857322058	0.739799438218884	1
2.19500000000000	0.644169150498652	0.739759112316999	1
2.20000000000000	0.643849964125393	0.739718957606551	1
2.20500000000000	0.643530387279332	0.739679008598122	1
2.21000000000000	0.643210506332232	0.739639298091278	1
2.21500000000000	0.642890405009994	0.739599857234727	1
2.22000000000000	0.642570164451104	0.739560715584686	1
2.22500000000000	0.642249863264121	0.739521901161522	1
2.23000000000000	0.641929577584189	0.739483440504690	1
2.23500000000000	0.641609381128611	0.739445358726026	1
2.24000000000000	0.641289345251469	0.739407679561423	1
2.24500000000000	0.640969538997313	0.739370425420942	1
2.25000000000000	0.640650029153918	0.739333617437391	1
2.25500000000000	0.640330880304134	0.739297275513414	1
2.26000000000000	0.640012154876814	0.739261418367125	1
2.26500000000000	0.639693913196850	0.739226063576335	1
2.27000000000000	0.639376213534325	0.739191227621389	1
2.27500000000000	0.639059112152770	0.739156925926681	1
2.28000000000000	0.638742663356566	0.739123172900846	1
2.28500000000000	0.638426919537475	0.739089981975691	1
2.29000000000000	0.638111931220327	0.739057365643892	1
2.29500000000000	0.637797747107863	0.739025335495487	1
2.30000000000000	0.637484414124746	0.738993902253196	1
2.30500000000000	0.637171977460758	0.738963075806612	1
2.31000000000000	0.636860480613182	0.738932865245281	1
2.31500000000000	0.636549965428379	0.738903278890710	1
2.32000000000000	0.636240472142591	0.738874324327332	1
2.32500000000000	0.635932039421944	0.738846008432450	1
2.33000000000000	0.635624704401699	0.738818337405205	1
2.33500000000000	0.635318502724733	0.738791316794577	1
2.34000000000000	0.635013468579275	0.738764951526463	1
2.34500000000000	0.634709634735908	0.738739245929841	1
2.35000000000000	0.634407032583830	0.738714203762072	1
2.35500000000000	0.634105692166411	0.738689828233332	1
2.36000000000000	0.633805642216034	0.738666122030234	1
2.36500000000000	0.633506910188238	0.738643087338635	1
2.37000000000000	0.633209522295179	0.738620725865667	1
2.37500000000000	0.632913503538406	0.738599038861020	1
2.38000000000000	0.632618877740974	0.738578027137476	1
2.38500000000000	0.632325667578898	0.738557691090748	1
2.39000000000000	0.632033894611962	0.738538030718616	1
2.39500000000000	0.631743579313885	0.738519045639401	1
2.40000000000000	0.631454741101862	0.738500735109788	1
2.40500000000000	0.631167398365489	0.738483098042018	1
2.41000000000000	0.630881568495074	0.738466133020473	1
2.41500000000000	0.630597267909353	0.738449838317666	1
2.42000000000000	0.630314512082618	0.738434211909661	1
2.42500000000000	0.630033315571261	0.738419251490937	1
2.43000000000000	0.629753692039749	0.738404954488710	1
2.43500000000000	0.629475654286039	0.738391318076742	1
2.44000000000000	0.629199214266439	0.738378339188632	1
2.44500000000000	0.628924383119932	0.738366014530633	1
2.45000000000000	0.628651171191956	0.738354340593981	1
2.45500000000000	0.628379588057670	0.738343313666776	1
2.46000000000000	0.628109642544695	0.738332929845411	1
2.46500000000000	0.627841342755360	0.738323185045578	1
2.47000000000000	0.627574696088434	0.738314075012847	1
2.47500000000000	0.627309709260381	0.738305595332857	1
2.48000000000000	0.627046388326134	0.738297741441104	1
2.48500000000000	0.626784738699382	0.738290508632356	1
2.49000000000000	0.626524765172415	0.738283892069706	1
2.49500000000000	0.626266471935492	0.738277886793269	1
2.50000000000000	0.626009862595778	0.738272487728536	1
2.50500000000000	0.625754940195827	0.738267689694398	1
2.51000000000000	0.625501707231647	0.738263487410857	1
2.51500000000000	0.625250165670332	0.738259875506417	1
2.52000000000000	0.625000316967279	0.738256848525187	1
2.52500000000000	0.624752162083000	0.738254400933687	1
2.53000000000000	0.624505701499534	0.738252527127381	1
2.53500000000000	0.624260935236462	0.738251221436936	1
2.54000000000000	0.624017862866537	0.738250478134224	1
2.54500000000000	0.623776483530938	0.738250291438072	1
2.55000000000000	0.623536795954152	0.738250655519763	1
2.55500000000000	0.623298798458492	0.738251564508312	1
2.56000000000000	0.623062488978255	0.738253012495507	1
2.56500000000000	0.622827865073534	0.738254993540737	1
2.57000000000000	0.622594923943688	0.738257501675604	1
2.57500000000000	0.622363662440465	0.738260530908332	1
2.58000000000000	0.622134077080811	0.738264075227983	1
2.58500000000000	0.621906164059343	0.738268128608478	1
2.59000000000000	0.621679919260508	0.738272685012435	1
2.59500000000000	0.621455338270439	0.738277738394838	1
2.60000000000000	0.621232416388494	0.738283282706524	1
2.60500000000000	0.621011148638507	0.738289311897512	1
2.61000000000000	0.620791529779742	0.738295819920173	1
2.61500000000000	0.620573554317565	0.738302800732248	1
2.62000000000000	0.620357216513829	0.738310248299716	1
2.62500000000000	0.620142510396992	0.738318156599521	1
2.63000000000000	0.619929429771962	0.738326519622162	1
2.63500000000000	0.619717968229682	0.738335331374155	1
2.64000000000000	0.619508119156452	0.738344585880361	1
2.64500000000000	0.619299875743004	0.738354277186200	1
2.65000000000000	0.619093230993332	0.738364399359738	1
2.65500000000000	0.618888177733269	0.738374946493672	1
2.66000000000000	0.618684708618848	0.738385912707195	1
2.66500000000000	0.618482816144407	0.738397292147765	1
2.67000000000000	0.618282492650491	0.738409078992766	1
2.67500000000000	0.618083730331515	0.738421267451080	1
2.68000000000000	0.617886521243221	0.738433851764557	1
2.68500000000000	0.617690857309922	0.738446826209402	1
2.69000000000000	0.617496730331531	0.738460185097475	1
2.69500000000000	0.617304131990400	0.738473922777502	1
2.70000000000000	0.617113053857953	0.738488033636219	1
2.70500000000000	0.616923487401124	0.738502512099426	1
2.71000000000000	0.616735423988614	0.738517352632977	1
2.71500000000000	0.616548854896956	0.738532549743698	1
2.72000000000000	0.616363771316400	0.738548097980232	1
2.72500000000000	0.616180164356629	0.738563991933830	1
2.73000000000000	0.615998025052288	0.738580226239070	1
2.73500000000000	0.615817344368363	0.738596795574520	1
2.74000000000000	0.615638113205379	0.738613694663348	1
2.74500000000000	0.615460322404447	0.738630918273871	1
2.75000000000000	0.615283962752148	0.738648461220057	1
2.75500000000000	0.615109024985271	0.738666318361975	1
2.76000000000000	0.614935499795397	0.738684484606195	1
2.76500000000000	0.614763377833332	0.738702954906147	1
2.77000000000000	0.614592649713408	0.738721724262433	1
2.77500000000000	0.614423306017637	0.738740787723099	1
2.78000000000000	0.614255337299731	0.738760140383866	1
2.78500000000000	0.614088734088990	0.738779777388321	1
2.79000000000000	0.613923486894064	0.738799693928079	1
2.79500000000000	0.613759586206581	0.738819885242901	1
2.80000000000000	0.613597022504658	0.738840346620785	1
2.80500000000000	0.613435786256292	0.738861073398024	1
2.81000000000000	0.613275867922632	0.738882060959236	1
2.81500000000000	0.613117257961135	0.738903304737358	1
2.82000000000000	0.612959946828616	0.738924800213627	1
2.82500000000000	0.612803924984187	0.738946542917519	1
2.83000000000000	0.612649182892089	0.738968528426675	1
2.83500000000000	0.612495711024420	0.738990752366802	1
2.84000000000000	0.612343499863770	0.739013210411546	1
2.84500000000000	0.612192539905749	0.739035898282352	1
2.85000000000000	0.612042821661425	0.739058811748300	1
2.85500000000000	0.611894335659670	0.739081946625922	1
2.86000000000000	0.611747072449410	0.739105298779004	1
2.86500000000000	0.611601022601795	0.739128864118369	1
2.87000000000000	0.611456176712278	0.739152638601647	1
2.87500000000000	0.611312525402610	0.739176618233026	1
2.88000000000000	0.611170059322761	0.739200799062995	1
2.88500000000000	0.611028769152750	0.739225177188068	1
2.89000000000000	0.610888645604412	0.739249748750502	1
2.89500000000000	0.610749679423079	0.739274509937996	1
2.90000000000000	0.610611861389197	0.739299456983386	1
2.90500000000000	0.610475182319865	0.739324586164328	1
2.91000000000000	0.610339633070310	0.739349893802972	1
2.91500000000000	0.610205204535294	0.739375376265625	1
2.92000000000000	0.610071887650457	0.739401029962408	1
2.92500000000000	0.609939673393593	0.739426851346905	1
2.93000000000000	0.609808552785871	0.739452836915812	1
2.93500000000000	0.609678516892993	0.739478983208563	1
2.94000000000000	0.609549556826291	0.739505286806969	1
2.94500000000000	0.609421663743777	0.739531744334843	1
2.95000000000000	0.609294828851127	0.739558352457616	1
2.95500000000000	0.609169043402621	0.739585107881962	1
2.96000000000000	0.609044298702027	0.739612007355402	1
2.96500000000000	0.608920586103440	0.739639047665921	1
2.97000000000000	0.608797897012065	0.739666225641573	1
2.97500000000000	0.608676222884961	0.739693538150084	1
2.98000000000000	0.608555555231733	0.739720982098454	1
2.98500000000000	0.608435885615185	0.739748554432562	1
2.99000000000000	0.608317205651929	0.739776252136759	1
2.99500000000000	0.608199507012950	0.739804072233469	1
3	0.608082781424133	0.739832011782787	0
3.00500000000000	0.607967020666752	0.739860067882072	0
3.01000000000000	0.607852216577921	0.739888237665547	0
3.01500000000000	0.607738361051004	0.739916518303895	0
3.02000000000000	0.607625446036000	0.739944907003851	0
3.02500000000000	0.607429710832846	0.739886782259629	0
3.03000000000000	0.606949035961957	0.739533113491271	0
3.03500000000000	0.605902561439073	0.738593435067284	0
3.04000000000000	0.604044366417936	0.736813416095941	0
3.04500000000000	0.601216975100209	0.734030159064787	0
3.05000000000000	0.597360407000813	0.730181315725991	0
3.05500000000000	0.592498008261728	0.725289731842378	0
3.06000000000000	0.586713696514054	0.719438777567500	0
3.06500000000000	0.580128732070028	0.712747180128758	0
3.07000000000000	0.572881803445570	0.705347852006058	0
3.07500000000000	0.565113737725620	0.697372377271679	0
3.08000000000000	0.556956856059438	0.688941124368038	0
3.08500000000000	0.548528393316018	0.680158085728395	0
3.09000000000000	0.539927179147878	0.671109231550528	0
3.09500000000000	0.531232756474295	0.661863185801533	0
3.10000000000000	0.522506191598867	0.652473223686109	0
3.10500000000000	0.513791950863284	0.642979841228488	0
3.11000000000000	0.505120350036326	0.633413392987008	0
3.11500000000000	0.496510207316014	0.623796499575215	0
3.12000000000000	0.487971440403308	0.614146081014228	0
3.12500000000000	0.479507439310411	0.604474976639395	0
3.13000000000000	0.471117119090177	0.594793175583025	0
3.13500000000000	0.462796611785425	0.585108714140546	0
3.14000000000000	0.454540596616017	0.575428307494897	0
3.14500000000000	0.446343294058820	0.565757781479843	0
3.15000000000000	0.438199165403686	0.556102361379202	0
3.15500000000000	0.430103366896095	0.546466863329235	0
3.16000000000000	0.422052008866139	0.536855822302675	0
3.16500000000000	0.414042267239489	0.527273580345823	0
3.17000000000000	0.406072389197838	0.517724350370509	0
3.17500000000000	0.398141627854306	0.508212264522354	0
3.18000000000000	0.390250133648983	0.498741411807306	0
3.18500000000000	0.382398823444845	0.489315866952398	0
3.19000000000000	0.374589242424943	0.479939711033310	0
3.19500000000000	0.366823429040156	0.470617043849279	0
3.20000000000000	0.359103789449728	0.461351988034036	0
3.20500000000000	0.351432985045901	0.452148685190857	0
3.21000000000000	0.343813834616335	0.443011284732936	0
3.21500000000000	0.336249231314798	0.433943926469134	0
3.22000000000000	0.328742073730754	0.424950718231515	0
3.22500000000000	0.321295209842194	0.416035709973111	0
3.23000000000000	0.313911392397991	0.407202865780789	0
3.23500000000000	0.306593244224417	0.398456035174171	0
3.24000000000000	0.299343232022185	0.389798924927582	0
3.24500000000000	0.292163647367072	0.381235072485211	0
3.25000000000000	0.285056593811065	0.372767821860475	0
3.25500000000000	0.278023979172572	0.364400302731185	0
3.26000000000000	0.271067512281359	0.356135413268031	0
3.26500000000000	0.264188703590710	0.347975807066023	0
3.27000000000000	0.257388869177076	0.339923884385952	0
3.27500000000000	0.250669137713298	0.331981787754989	0
3.28000000000000	0.244030460028519	0.324151401823260	0
3.28500000000000	0.237473620863617	0.316434357229704	0
3.29000000000000	0.230999252405935	0.308832038100740	0
3.29500000000000	0.224607849153232	0.301345592695071	0
3.30000000000000	0.218299783625563	0.293975946623114	0
3.30500000000000	0.212075322425092	0.286723818014653	0
3.31000000000000	0.205934642144592	0.279589733985888	0
3.31500000000000	0.199877844649385	0.272574047767328	0
3.32000000000000	0.193904971305068	0.265676955894463	0
3.32500000000000	0.188016015792079	0.258898514929492	0
3.33000000000000	0.182210935233027	0.252238657268278	0
3.33500000000000	0.176489659453510	0.245697205685122	0
3.34000000000000	0.170852098294927	0.239273886371638	0
3.34500000000000	0.165298146991870	0.232968340328062	0
3.35000000000000	0.159827689711215	0.226780133059944	0
3.35500000000000	0.154440601420556	0.220708762615816	0
3.36000000000000	0.149136748307133	0.214753666069066	0
3.36500000000000	0.143915987003642	0.208914224598330	0
3.37000000000000	0.138778162894388	0.203189767355051	0
3.37500000000000	0.133723107775644	0.197579574325476	0
3.38000000000000	0.128750637130131	0.192082878398881	0
3.38500000000000	0.123860547250271	0.186698866846848	0
3.39000000000000	0.119052612411545	0.181426682402317	0
3.39500000000000	0.114326582259131	0.176265424104747	0
3.40000000000000	0.109682179531072	0.171214148051504	0
3.40500000000000	0.105119098202032	0.166271868167682	0
3.41000000000000	0.100637002095397	0.161437557078904	0
3.41500000000000	0.0962355239795056	0.156710147145577	0
3.42000000000000	0.0919142651370833	0.152088531693683	0
3.42500000000000	0.0876727953760617	0.147571566457018	0
3.43000000000000	0.0835106534347322	0.143158071229273	0
3.43500000000000	0.0794273477244340	0.138846831711469	0
3.44000000000000	0.0754223573480395	0.134636601530786	0
3.44500000000000	0.0714951333316721	0.130526104400666	0
3.45000000000000	0.0676451000095522	0.126514036388533	0
3.45500000000000	0.0638716565067876	0.122599068256395	0
3.46000000000000	0.0601741782715232	0.118779847840299	0
3.46500000000000	0.0565520186154299	0.115055002436785	0
3.47000000000000	0.0530045102294534	0.111423141167651	0
3.47500000000000	0.0495309666495573	0.107882857298184	0
3.48000000000000	0.0461306836545274	0.104432730488159	0
3.48500000000000	0.0428029405844770	0.101071328959170	0
3.49000000000000	0.0395470015743613	0.0977972115660156	0
3.49500000000000	0.0363621167014841	0.0946089297636888	0
3.50000000000000	0.0332475230496584	0.0915050294650684	0
3.50500000000000	0.0302024456954131	0.0884840527874315	0
3.51000000000000	0.0272260986234936	0.0855445396885048	0
3.51500000000000	0.0243176855799999	0.0826850294948674	0
3.52000000000000	0.0214764008719607	0.0799040623271423	0
3.52500000000000	0.0187014301220697	0.0772001804275994	0
3.53000000000000	0.0159919509868446	0.0745719293965739	0
3.53500000000000	0.0133471338457064	0.0720178593445261	0
3.54000000000000	0.0107661424675244	0.0695365259666913	0
3.54500000000000	0.00824813466011402	0.0671264915471372	0
3.55000000000000	0.00579226290707492	0.0647863258987116	0
3.55500000000000	0.00339767499528193	0.0625146072448849	0
3.56000000000000	0.00106351463532403	0.0603099230489044	0
3.56500000000000	-0.00121107792373446	0.0581708707950285	0
3.57000000000000	-0.00342696528470463	0.0560960587259356	0
3.57500000000000	-0.00558501229785276	0.0540841065397291	0
3.58000000000000	-0.00768608546237895	0.0521336460493206	0
3.58500000000000	-0.00973105233488985	0.0502433218063821	0
3.59000000000000	-0.0117207809462636	0.0484117916915262	0
3.59500000000000	-0.0136561392284971	0.0466377274719240	0
3.60000000000000	-0.0155379944532155	0.0449198153271875	0
3.60500000000000	-0.0173672126835313	0.0432567563440510	0
3.61000000000000	-0.0191446582408689	0.0416472669801634	0
3.61500000000000	-0.0208711931882496	0.0400900794971571	0
3.62000000000000	-0.0225476768313589	0.0385839423630760	0
3.62500000000000	-0.0241749652385199	0.0371276206242216	0
3.63000000000000	-0.0257539107804795	0.0357198962464985	0
3.63500000000000	-0.0272853616906837	0.0343595684264005	0
3.64000000000000	-0.0287701616464993	0.0330454538718698	0
3.64500000000000	-0.0302091493716185	0.0317763870533677	0
3.65000000000000	-0.0316031582596868	0.0305512204256158	0
3.65500000000000	-0.0329530160190144	0.0293688246205885	0
3.66000000000000	-0.0342595443380711	0.0282280886124550	0
3.66500000000000	-0.0355235585713380	0.0271279198552813	0
3.67000000000000	-0.0367458674449789	0.0260672443943996	0
3.67500000000000	-0.0379272727817140	0.0250450069524353	0
3.68000000000000	-0.0390685692442207	0.0240601709910481	0
3.68500000000000	-0.0401705440963496	0.0231117187494930	0
3.69000000000000	-0.0412339769814253	0.0221986512611382	0
3.69500000000000	-0.0422596397169010	0.0213199883490905	0
3.70000000000000	-0.0432482961046477	0.0204747686020835	0
3.70500000000000	-0.0442007017561793	0.0196620493317644	0
3.71000000000000	-0.0451176039321466	0.0188809065124982	0
3.71500000000000	-0.0459997413954656	0.0181304347047702	0
3.72000000000000	-0.0468478442774841	0.0174097469632307	0
3.72500000000000	-0.0476626339566258	0.0167179747303800	0
3.73000000000000	-0.0484448229489911	0.0160542677168445	0
3.73500000000000	-0.0491951148104254	0.0154177937691481	0
3.74000000000000	-0.0499142040495978	0.0148077387258307	0
3.74500000000000	-0.0506027760516616	0.0142233062627217	0
3.75000000000000	-0.0512615070120918	0.0136637177281306	0
3.75500000000000	-0.0518910638803127	0.0131282119686727	0
3.76000000000000	-0.0524921043127474	0.0126160451464113	0
3.76500000000000	-0.0530652766349322	0.0121264905479593	0
3.77000000000000	-0.0536112198123493	0.0116588383861540	0
3.77500000000000	-0.0541305634296369	0.0112123955948851	0
3.78000000000000	-0.0546239276778428	0.0107864856176349	0
3.78500000000000	-0.0550919233493911	0.0103804481902614	0
3.79000000000000	-0.0555351518404322	0.00999363911853664	0
3.79500000000000	-0.0559542051602519	0.00962543005093290	0
3.80000000000000	-0.0563496659474145	0.00927520824713042	0
3.80500000000000	-0.0567221074923206	0.00894237634270543	0
3.81000000000000	-0.0570720937658592	0.00862635211044058	0
3.81500000000000	-0.0574001794538406	0.00832656821868525	0
3.82000000000000	-0.0577069099969010	0.00804247198717847	0
3.82500000000000	-0.0579928216355713	0.00777352514073276	0
3.83000000000000	-0.0582584414602149	0.00751920356116252	0
3.83500000000000	-0.0585042874655394	0.00727899703782599	0
3.84000000000000	-0.0587308686094023	0.00705240901713528	0
3.84500000000000	-0.0589386848756318	0.00683895635137353	0
3.85000000000000	-0.0591282273406000	0.00663816904714366	0
3.85500000000000	-0.0592999782432893	0.00644959001375736	0
3.86000000000000	-0.0594544110586073	0.00627277481185796	0
3.86500000000000	-0.0595919905737118	0.00610729140255531	0
3.87000000000000	-0.0597131729671205	0.00595271989733520	0
3.87500000000000	-0.0598184058903895	0.00580865230899112	0
3.88000000000000	-0.0599081285521512	0.00567469230381056	0
3.88500000000000	-0.0599827718043187	0.00555045495523367	0
3.89000000000000	-0.0600427582302661	0.00543556649918756	0
3.89500000000000	-0.0600885022348085	0.00532966409128547	0
3.90000000000000	-0.0601204101358112	0.00523239556606648	0
3.90500000000000	-0.0601388802572680	0.00514341919843840	0
3.91000000000000	-0.0601443030236948	0.00506240346747384	0
3.91500000000000	-0.0601370610556941	0.00498902682269740	0
3.92000000000000	-0.0601175292665518	0.00492297745299053	0
3.92500000000000	-0.0600860749597357	0.00486395305822957	0
3.93000000000000	-0.0600430579271708	0.00481166062376202	0
3.93500000000000	-0.0599888305481735	0.00476581619781643	0
3.94000000000000	-0.0599237378889318	0.00472614467193156	0
3.94500000000000	-0.0598481178024255	0.00469237956448210	0
3.95000000000000	-0.0597623010286850	0.00466426280736915	0
3.95500000000000	-0.0596666112952919	0.00464154453593651	0
3.96000000000000	-0.0595613654180313	0.00462398288216560	0
3.96500000000000	-0.0594468734016077	0.00461134377119510	0
3.97000000000000	-0.0593234385403453	0.00460340072120458	0
3.97500000000000	-0.0591913575187915	0.00459993464669493	0
3.98000000000000	-0.0590509205121545	0.00460073366519252	0
3.98500000000000	-0.0589024112865019	0.00460559290739797	0
3.99000000000000	-0.0587461072986575	0.00461431433079552	0
3.99500000000000	-0.0585822797957346	0.00462670653673331	0
4	-0.0584111939142463	0.00464258459098033	0
4.00500000000000	-0.0582331087787409	0.00466176984776131	0
4.01000000000000	-0.0580482775999094	0.00468408977726613	0
4.01500000000000	-0.0578569477721190	0.00470937779662665	0
4.02000000000000	-0.0576593609703267	0.00473747310434967	0
4.02500000000000	-0.0574557532463335	0.00476822051819141	0
4.03000000000000	-0.0572463551243376	0.00480147031645530	0
4.03500000000000	-0.0570313916957544	0.00483707808269177	0
4.04000000000000	-0.0568110827132670	0.00487490455377574	0
4.04500000000000	-0.0565856426840781	0.00491481547133494	0
4.05000000000000	-0.0563552809623348	0.00495668143649918	0
4.05500000000000	-0.0561202018406997	0.00500037776793891	0
4.06000000000000	-0.0558806046410455	0.00504578436315871	0
4.06500000000000	-0.0556366838042500	0.00509278556300974	0
4.07000000000000	-0.0553886289790729	0.00514127001938300	0
4.07500000000000	-0.0551366251100955	0.00519113056604390	0
4.08000000000000	-0.0548808525247076	0.00524226409256702	0
4.08500000000000	-0.0546214870191264	0.00529457142132840	0
4.09000000000000	-0.0543586999434357	0.00534795718751190	0
4.09500000000000	-0.0540926582856314	0.00540232972208468	0
4.10000000000000	-0.0538235247546664	0.00545760093769614	0
4.10500000000000	-0.0535514578624832	0.00551368621745395	0
4.11000000000000	-0.0532766120050280	0.00557050430652971	0
4.11500000000000	-0.0529991375422400	0.00562797720654668	0
4.12000000000000	-0.0527191808770100	0.00568603007270118	0
4.12500000000000	-0.0524368845331046	0.00574459111356899	0
4.13000000000000	-0.0521523872320528	0.00580359149354789	0
4.13500000000000	-0.0518658239689915	0.00586296523788715	0
4.14000000000000	-0.0515773260874709	0.00592264914025461	0
4.14500000000000	-0.0512870213532165	0.00598258267279212	0
4.15000000000000	-0.0509950340268504	0.00604270789861007	0
4.15500000000000	-0.0507014849355709	0.00610296938667159	0
4.16000000000000	-0.0504064915437934	0.00616331412901758	0
4.16500000000000	-0.0501101680227540	0.00622369146028355	0
4.17000000000000	-0.0498126253190800	0.00628405297945970	0
4.17500000000000	-0.0495139712223290	0.00634435247384592	0
4.18000000000000	-0.0492143104315029	0.00640454584515380	0
4.18500000000000	-0.0489137446205395	0.00646459103770794	0
4.19000000000000	-0.0486123725027878	0.00652444796869964	0
4.19500000000000	-0.0483102898944722	0.00658407846044604	0
4.20000000000000	-0.0480075897771524	0.00664344617460877	0
4.20500000000000	-0.0477043623591838	0.00670251654832623	0
4.21000000000000	-0.0474006951361865	0.00676125673221464	0
4.21500000000000	-0.0470966729505292	0.00681963553019310	0
4.22000000000000	-0.0467923780498366	0.00687762334108889	0
4.22500000000000	-0.0464878901445257	0.00693519210197966	0
4.23000000000000	-0.0461832864643820	0.00699231523322988	0
4.23500000000000	-0.0458786418141807	0.00704896758517938	0
4.24000000000000	-0.0455740286283641	0.00710512538644286	0
4.24500000000000	-0.0452695170247825	0.00716076619377948	0
4.25000000000000	-0.0449651748575065	0.00721586884349270	0
4.25500000000000	-0.0446610677687231	0.00727041340432092	0
4.26000000000000	-0.0443572592397202	0.00732438113178049	0
4.26500000000000	-0.0440538106409737	0.00737775442392304	0
4.27000000000000	-0.0437507812813422	0.00743051677847004	0
4.27500000000000	-0.0434482284563829	0.00748265275128814	0
4.28000000000000	-0.0431462074957951	0.00753414791616943	0
4.28500000000000	-0.0428447718100042	0.00758498882588164	0
4.29000000000000	-0.0425439729358929	0.00763516297445402	0
4.29500000000000	-0.0422438605816927	0.00768465876066512	0
4.30000000000000	-0.0419444826710437	0.00773346545269962	0
4.30500000000000	-0.0416458853862334	0.00778157315394213	0
4.31000000000000	-0.0413481132106252	0.00782897276987617	0
4.31500000000000	-0.0410512089702855	0.00787565597605780	0
4.32000000000000	-0.0407552138748214	0.00792161518713355	0
4.32500000000000	-0.0404601675574377	0.00796684352687331	0
4.33000000000000	-0.0401661081142240	0.00801133479918939	0
4.33500000000000	-0.0398730721426826	0.00805508346011360	0
4.34000000000000	-0.0395810947795067	0.00809808459070489	0
4.34500000000000	-0.0392902097376197	0.00814033387086085	0
4.35000000000000	-0.0390004493424858	0.00818182755400678	0
4.35500000000000	-0.0387118445677013	0.00822256244263686	0
4.36000000000000	-0.0384244250698784	0.00826253586468253	0
4.36500000000000	-0.0381382192228299	0.00830174565068374	0
4.37000000000000	-0.0378532541510664	0.00834019011173944	0
4.37500000000000	-0.0375695557626149	0.00837786801821421	0
4.38000000000000	-0.0372871487811695	0.00841477857917836	0
4.38500000000000	-0.0370060567775845	0.00845092142255993	0
4.39000000000000	-0.0367263022007189	0.00848629657598672	0
4.39500000000000	-0.0364479064076425	0.00852090444829806	0
4.40000000000000	-0.0361708896932146	0.00855474581170555	0
4.40500000000000	-0.0358952713190431	0.00858782178458339	0
4.41000000000000	-0.0356210695418349	0.00862013381486893	0
4.41500000000000	-0.0353483016411474	0.00865168366405464	0
4.42000000000000	-0.0350769839465500	0.00868247339175352	0
4.42500000000000	-0.0348071318642052	0.00871250534081998	0
4.43000000000000	-0.0345387599028792	0.00874178212300912	0
4.43500000000000	-0.0342718816993909	0.00877030660515754	0
4.44000000000000	-0.0340065100435082	0.00879808189586945	0
4.44500000000000	-0.0337426569023021	0.00882511133269214	0
4.45000000000000	-0.0334803334439662	0.00885139846976539	0
4.45500000000000	-0.0332195500611112	0.00887694706592990	0
4.46000000000000	-0.0329603163935437	0.00890176107328006	0
4.46500000000000	-0.0327026413505374	0.00892584462614699	0
4.47000000000000	-0.0324465331326061	0.00894920203049802	0
4.47500000000000	-0.0321919992527867	0.00897183775373917	0
4.48000000000000	-0.0319390465574407	0.00899375641490786	0
4.48500000000000	-0.0316876812465837	0.00901496277524292	0
4.49000000000000	-0.0314379088937491	0.00903546172911989	0
4.49500000000000	-0.0311897344653972	0.00905525829533955	0
4.50000000000000	-0.0309431623398747	0.00907435760875818	0
4.50500000000000	-0.0306981963259360	0.00909276491224834	0
4.51000000000000	-0.0304548396808311	0.00911048554897913	0
4.51500000000000	-0.0302130951279704	0.00912752495500560	0
4.52000000000000	-0.0299729648741731	0.00914388865215676	0
4.52500000000000	-0.0297344506265069	0.00915958224121244	0
4.53000000000000	-0.0294975536087271	0.00917461139535916	0
4.53500000000000	-0.0292622745773223	0.00918898185391583	0
4.54000000000000	-0.0290286138371740	0.00920269941631988	0
4.54500000000000	-0.0287965712568375	0.00921576993636531	0
4.55000000000000	-0.0285661462834518	0.00922819931668384	0
4.55500000000000	-0.0283373379572848	0.00923999350346101	0
4.56000000000000	-0.0281101449259214	0.00925115848137902	0
4.56500000000000	-0.0278845654581013	0.00926170026877872	0
4.57000000000000	-0.0276605974572133	0.00927162491303288	0
4.57500000000000	-0.0274382384744526	0.00928093848612369	0
4.58000000000000	-0.0272174857216486	0.00928964708041712	0
4.58500000000000	-0.0269983360837685	0.00929775680462747	0
4.59000000000000	-0.0267807861311038	0.00930527377996513	0
4.59500000000000	-0.0265648321311469	0.00931220413646144	0
4.60000000000000	-0.0263504700601620	0.00931855400946398	0
4.60500000000000	-0.0261376956144585	0.00932432953629652	0
4.61000000000000	-0.0259265042213719	0.00932953685307754	0
4.61500000000000	-0.0257168910499586	0.00933418209169170	0
4.62000000000000	-0.0255088510214097	0.00933827137690868	0
4.62500000000000	-0.0253023788191914	0.00934181082364406	0
4.63000000000000	-0.0250974688989154	0.00934480653435708	0
4.63500000000000	-0.0248941154979464	0.00934726459658015	0
4.64000000000000	-0.0246923126447525	0.00934919108057536	0
4.64500000000000	-0.0244920541680024	0.00935059203711328	0
4.65000000000000	-0.0242933337054163	0.00935147349536935	0
4.65500000000000	-0.0240961447123749	0.00935184146093363	0
4.66000000000000	-0.0239004804702920	0.00935170191392952	0
4.66500000000000	-0.0237063340947557	0.00935106080723738	0
4.67000000000000	-0.0235136985434433	0.00934992406481902	0
4.67500000000000	-0.0233225666238146	0.00934829758013917	0
4.68000000000000	-0.0231329310005888	0.00934618721468028	0
4.68500000000000	-0.0229447842030095	0.00934359879654691	0
4.69000000000000	-0.0227581186319022	0.00934053811915636	0
4.69500000000000	-0.0225729265665297	0.00933701094001194	0
4.70000000000000	-0.0223892001712496	0.00933302297955586	0
4.70500000000000	-0.0222069315019770	0.00932857992009836	0
4.71000000000000	-0.0220261125124596	0.00932368740482020	0
4.71500000000000	-0.0218467350603665	0.00931835103684534	0
4.72000000000000	-0.0216687909131971	0.00931257637838126	0
4.72500000000000	-0.0214922717540126	0.00930636894992378	0
4.73000000000000	-0.0213171691869957	0.00929973422952410	0
4.73500000000000	-0.0211434747428409	0.00929267765211514	0
4.74000000000000	-0.0209711798839808	0.00928520460889497	0
4.74500000000000	-0.0208002760096513	0.00927732044676471	0
4.75000000000000	-0.0206307544607992	0.00926903046781878	0
4.75500000000000	-0.0204626065248373	0.00926033992888498	0
4.76000000000000	-0.0202958234402493	0.00925125404111265	0
4.76500000000000	-0.0201303964010479	0.00924177796960634	0
4.77000000000000	-0.0199663165610914	0.00923191683310336	0
4.77500000000000	-0.0198035750382601	0.00922167570369313	0
4.78000000000000	-0.0196421629184967	0.00921105960657631	0
4.78500000000000	-0.0194820712597148	0.00920007351986220	0
4.79000000000000	-0.0193232910955774	0.00918872237440238	0
4.79500000000000	-0.0191658134391489	0.00917701105365908	0
4.80000000000000	-0.0190096292864250	0.00916494439360659	0
4.80500000000000	-0.0188547296197411	0.00915252718266416	0
4.81000000000000	-0.0187011054110651	0.00913976416165886	0
4.81500000000000	-0.0185487476251744	0.00912666002381703	0
4.82000000000000	-0.0183976472227230	0.00911321941478276	0
4.82500000000000	-0.0182477951631992	0.00909944693266222	0
4.83000000000000	-0.0180991824077778	0.00908534712809247	0
4.83500000000000	-0.0179517999220694	0.00907092450433343	0
4.84000000000000	-0.0178056386787690	0.00905618351738197	0
4.84500000000000	-0.0176606896602065	0.00904112857610679	0
4.85000000000000	-0.0175169438608029	0.00902576404240307	0
4.85500000000000	-0.0173743922894326	0.00901009423136586	0
4.86000000000000	-0.0172330259716959	0.00899412341148096	0
4.86500000000000	-0.0170928359521028	0.00897785580483263	0
4.87000000000000	-0.0169538132961725	0.00896129558732692	0
4.87500000000000	-0.0168159490924476	0.00894444688892972	0
4.88000000000000	-0.0166792344544290	0.00892731379391881	0
4.88500000000000	-0.0165436605224300	0.00890990034114893	0
4.89000000000000	-0.0164092184653553	0.00889221052432906	0
4.89500000000000	-0.0162758994824038	0.00887424829231118	0
4.90000000000000	-0.0161436948046994	0.00885601754938974	0
4.90500000000000	-0.0160125956968510	0.00883752215561113	0
4.91000000000000	-0.0158825934584437	0.00881876592709241	0
4.91500000000000	-0.0157536794254629	0.00879975263634871	0
4.92000000000000	-0.0156258449716537	0.00878048601262864	0
4.92500000000000	-0.0154990815098171	0.00876096974225705	0
4.93000000000000	-0.0153733804930450	0.00874120746898465	0
4.93500000000000	-0.0152487334158952	0.00872120279434385	0
4.94000000000000	-0.0151251318155086	0.00870095927801033	0
4.94500000000000	-0.0150025672726707	0.00868048043816980	0
4.95000000000000	-0.0148810314128179	0.00865976975188952	0
4.95500000000000	-0.0147605159069909	0.00863883065549403	0
4.96000000000000	-0.0146410124727368	0.00861766654494466	0
4.96500000000000	-0.0145225128749618	0.00859628077622251	0
4.97000000000000	-0.0144050089267342	0.00857467666571424	0
4.97500000000000	-0.0142884924900418	0.00855285749060062	0
4.98000000000000	-0.0141729554765029	0.00853082648924712	0
4.98500000000000	-0.0140583898480336	0.00850858686159642	0
4.99000000000000	-0.0139447876174720	0.00848614176956248	0
4.99500000000000	-0.0138321408491613	0.00846349433742567	0
5	-0.0137204416594921	0.00844064765222891	0